# This is the DESC input file for a D-shaped tokamak with beta = 3%
# It is similar to the VMEC example from Hirshman & Witson 1983

# global parameters
sym = 1
NFP = 1
Psi = 1.0

# spectral resolution
M_pol  =  6, 10, 13
N_tor  =  0
M_grid = 12, 20, 26
N_grid =  0

# continuation parameters
bdry_ratio = 1
pres_ratio = 0, 0, 1
pert_order = 2

# solver tolerances
ftol = 1e-2
xtol = 1e-6
gtol = 1e-6
nfev = 100

# solver methods
optimizer         = lsq-exact
objective         = force
spectral_indexing = fringe
node_pattern      = quad

# pressure and current profiles
l:   0  p =  1.6E+3  c = 0.00000000e+00
l:   2  p = -3.2E+3  c = -4.41027814e+05
l:   4  p =  1.6E+3  c = 1.94900905e+05
l:   6  p = 0        c = 2.19054098e+04
l:   8  p = 0        c = 1.10384148e+04
l:  10  p = 0        c = -5.88970422e+03
l:  12  p = 0        c = -1.80819331e+04
l:  14  p = 0        c = -7.91180078e+04
l:  16  p = 0        c = 1.12657052e+06
l:  18  p = 0        c = -4.87938498e+06 
l:  20  p = 0        c = 1.17585722e+07
l:  22  p = 0        c = -1.78807340e+07
l:  24  p = 0        c = 1.76818820e+07
l:  26  p = 0        c = -1.11235576e+07
l:  28  p = 0        c = 4.06970193e+06
l:  30  p = 0        c = -6.61997199e+05

# magnetic axis initial guess
n:   0  R0 =  3.65
n:   0  Z0 =  0.00

# fixed-boundary surface shape
m:   0  n:   0  R1 =  3.510
m:   1  n:   0  R1 =  1.000
m:   2  n:   0  R1 =  0.106
m:  -1  n:   0  Z1 =  1.470
m:  -2  n:   0  Z1 = -0.160
