# This is the DESC input file for a heliotron with beta = 10%
# It is similar to the VMEC example from Hirshman & Witson 1983

# global parameters
sym = 1
NFP = 19
Psi = 1.0

# spectral resolution
L_rad  = 24
M_pol  = 12
N_tor  =  3
M_grid = 18
N_grid =  6

# continuation parameters
bdry_ratio = 1
pres_ratio = 1
pert_order = 2

# solver tolerances
ftol = 1e-2
xtol = 1e-6
gtol = 1e-6
nfev = 150

# solver methods
optimizer         = lsq-exact
objective         = force
spectral_indexing = fringe
node_pattern      = jacobi

# pressure and current profiles
# current profile is ignored since I hardcoded values
l:   0	p =   1.8E+4	        c =   0
l:   2	p =   -3.6E+4	        c =   4.57380599e+05
l:   4	p =   1.8E+4	        c =   4.09594220e+05
l:   6	p =   0.00000000E+00	c =   -1.92479171e+06
l:   8	p =   0.00000000E+00	c =  -1.57557606e+06
l:  10	p =   0.00000000E+00	c =  1.14052304e+08
l:  12	p =   0.00000000E+00	c =  -8.33525485e+08
l:  14	p =   0.00000000E+00	c =  3.43622542e+09
l:  16	p =   0.00000000E+00	c =   -9.51536157e+09
l:  18	p =   0.00000000E+00	c =  1.87315288e+10
l:  20	p =   0.00000000E+00	c =   -2.66686697e+10
l:  22	p =   0.00000000E+00	c =  2.73237914e+10
l:  24	p =   0.00000000E+00	c =   -1.96519059e+10
l:  26  p = 0                   c =  9.41472432e+09
l:  28  p = 0                   c =  -2.69663518e+09
l:  30  p = 0                   c =  3.49196789e+08

# magnetic axis initial guess
n:   0  R0 =  1.0E+1  Z0 =  0.0E+0

# fixed-boundary surface shape
m:   0  n:   0  R1 =  1.0E+1
m:   1  n:   0  R1 = -1.0E+0
m:   1  n:   1  R1 = -3.0E-1
m:  -1  n:  -1  R1 =  3.0E-1
m:  -1  n:   0  Z1 =  1.0E+0
m:  -1  n:   1  Z1 = -3.0E-1
m:   1  n:  -1  Z1 = -3.0E-1
