# This is the DESC input file for a Solov'ev equilibrium

# global parameters
sym = 1
NFP = 1
Psi = 1.0

# spectral resolution
M_pol  =  6, 12
N_tor  =  0
M_grid = 12, 18
N_grid =  0

# solver tolerances
ftol = 1e-2
xtol = 1e-6
gtol = 1e-6
nfev = 50

# solver methods
optimizer         = lsq-exact
objective         = force
spectral_indexing = fringe
node_pattern      = quad

# pressure and current profiles
l:   0  p =  0.125  c =  0
l:   2  p = -0.125  c =  -4.36952137e+05 
l:   4  p = -0.125  c =  -2.96741629e+03
l:   6  p = -0.125  c =  -6.54549715e+02
l:   8  p = 0       c =  -7.47366867e+01
l:   10  p = 0       c =  -8.00036621e+00
l:   12  p = 0       c =  -9.51025391e+00
l:   14  p = 0       c =   3.18789062e+01
l:   16  p = 0       c =  -8.58671875e+01
l:   18  p = 0       c =  1.66750000e+02
l:   20  p = 0       c =  -2.39703125e+02
l:   22  p = 0       c =  2.53781250e+02
l:   24  p = 0       c = -1.92218750e+02
l:   26  p = 0       c =   9.78437500e+01
l:   28  p = 0       c =  -2.97890625e+01
l:   30  p = 0       c =  4.06445312e+00

# magnetic axis initial guess
n:   0  R0 =  4.0  Z0 =  0.0

# fixed-boundary surface shape
m:   0  n:   0  R1 =  3.999
m:   1  n:   0  R1 =  1.026
m:  -1  n:   0  Z1 =  1.580
m:   2  n:   0  R1 = -0.068
m:  -2  n:   0  Z1 =  0.010
