# global parameters 
sym = 1 
NFP = 19 
Psi = 1.00000000

# spectral resolution 
L_rad =   6, 8
M_pol =   6, 8
N_tor =   0,  0, 3
L_grid = 12, 16
M_grid = 12, 16
N_grid =  0,  0, 6

# continuation parameters 
bdry_ratio = 0, 0, 1 
pres_ratio = 0, 1
pert_order = 2

# solver tolerances 
ftol = 0.01 
xtol = 1e-06 
gtol = 1e-06 
nfev = 0 

# solver methods
optimizer = lsq-exact
objective = force
bdry_mode = lcfs
spectral_indexing = ansi

# pressure and rotational transform/current profiles
l:   0	p =   1.80000000E+04	i =   1.00000000E+00
l:   2	p =  -3.60000000E+04	i =   1.50000000E+00
l:   4	p =   1.80000000E+04	i =   0.00000000E+00

# fixed-boundary surface shape
l:   0	m:   0	n:   0	R1 =   1.00000000E+01	Z1 =   0.00000000E+00
l:   0	m:   1	n:   0	R1 =  -1.00000000E+00	Z1 =   0.00000000E+00
l:   0	m:   0	n:   1	R1 =   0.00000000E+00	Z1 =   0.00000000E+00
l:   0	m:   1	n:   1	R1 =  -3.00000000E-01	Z1 =   0.00000000E+00
l:   0	m:  -1	n:  -1	R1 =   3.00000000E-01	Z1 =   0.00000000E+00
l:   0	m:  -1	n:   0	R1 =   0.00000000E+00	Z1 =   1.00000000E+00
l:   0	m:   0	n:  -1	R1 =   0.00000000E+00	Z1 =   0.00000000E+00
l:   0	m:  -1	n:   1	R1 =   0.00000000E+00	Z1 =  -3.00000000E-01
l:   0	m:   1	n:  -1	R1 =   0.00000000E+00	Z1 =  -3.00000000E-01

# magnetic axis initial guess
n:   0	R0 =   1.00000000E+01	Z0 =   0.00000000E+00
