! This is the DESC input file for the Advanced Toroidal Facility

! solver parameters
stell_sym 	=   1
NFP			=  12
Psi_lcfs	=   1.00000000E+00
Mpol		=   12
Ntor		=   4
Mnodes		=  18
Nnodes		=   6
bdry_ratio	=   1
pres_ratio	=   1
zeta_ratio	=   1
errr_ratio	=   1
errr_mode	= force
bdry_mode	= spectral
node_mode	= cheb2
ftol		= 1e-6
xtol		= 1e-6
gtol		= 1e-6
nfev		= 100
verbose		= 2

! pressure and rotational transform profiles
l:   0	cP =   2.00000000E+06	cI =   3.50000000E-01
l:   1	cP =   0.00000000E+00	cI =   0.00000000E+00
l:   2	cP =  -4.00000000E+06	cI =   6.50000000E-01
l:   3	cP =   0.00000000E+00	cI =   0.00000000E+00
l:   4	cP =   2.00000000E+06	cI =   0.00000000E+00

! magnetic axis initial guess
n:   0	aR =   2.10000000E+00	aZ =   0.00000000E+00
n:   1	aR =   0.10000000E+00	aZ =   0.10000000E+00

! fixed-boundary surface
m:   0	n:   0	bR =   2.05000000E+00	bZ =   0.00000000E+00
m:   1	n:   0	bR =   2.90000000E-01	bZ =   0.00000000E+00
m:  -1	n:   0	bR =   0.00000000E+00	bZ =   2.90000000E-01
m:   1	n:   1	bR =  -9.00000000E-02	bZ =   0.00000000E+00
m:  -1	n:  -1	bR =   9.00000000E-02	bZ =   0.00000000E+00
m:  -1	n:   1	bR =   0.00000000E+00	bZ =   9.00000000E-02
m:   1	n:  -1	bR =   0.00000000E+00	bZ =   9.00000000E-02
m:   2	n:   0	bR =   2.50000000E-02	bZ =   0.00000000E+00
m:  -2	n:   0	bR =   0.00000000E+00	bZ =   6.75000000E-03
m:   2	n:   1	bR =  -2.50000000E-02	bZ =   0.00000000E+00
m:  -2	n:  -1	bR =   2.50000000E-02	bZ =   0.00000000E+00
m:  -2	n:   1	bR =   0.00000000E+00	bZ =  -6.75000000E-03
m:   2	n:  -1	bR =   0.00000000E+00	bZ =  -6.75000000E-03