! This is the DESC input file for a heliotron

! solver parameters
stell_sym	= 1
NFP			= 19
Psi_lcfs	= 1.00000000E+00
pres_scale	= 1.80000000E+04
Mpol		= 6
Ntor		= 2
Mnodes		= 9
Nnodes		= 3
bdry_ratio	= 1
pres_ratio	= 0, 0,    0,   0,    0, 1
zeta_ratio	= 0, 0.25, 0.5, 0.75, 1, 1
errr_ratio	= 1e-3
errr_mode	= force
bdry_mode	= spectral
node_mode	= cheb2
ftol		= 1e-6
xtol		= 1e-6
gtol		= 1e-6
nfev		= 100
verbose		= 2

! pressure and rotational transform profiles
l:   0	cP =   1.00000000E+00	cI =   1.00000000E+00
l:   2	cP =  -2.00000000E+00	cI =   1.50000000E+00
l:   4	cP =   1.00000000E+00

! magnetic axis initial guess
n:   0	aR =   1.00000000E+01	aZ =   0.00000000E+00

! fixed-boundary surface
m:   0	n:   0	bR =   1.00000000E+01
m:   1	n:   0	bR =   1.00000000E+00
m:   1	n:   1	bR =   3.00000000E-01
m:  -1	n:  -1	bR =  -3.00000000E-01
m:  -1	n:   0	bZ =   1.00000000E+00
m:   1	n:  -1	bZ =  -3.00000000E-01
m:  -1	n:   1	bZ =  -3.00000000E-01
