# This is the DESC input file for a heliotron with beta = 10%
# It is similar to the VMEC example from Hirshman & Witson 1983

# global parameters
sym = 1
NFP = 19
Psi = 1.00000000E+00

# spectral resolution
L_rad  = 12:6:24
M_pol  =  6:3:12
N_tor  =  0,  0,  2
M_grid = 12, 18
N_grid =  0,  0,  4

# continuation parameters
bdry_ratio = 0, 0, 1
pres_ratio = 0
pert_order = 2

# solver tolerances
ftol = 1e-2
xtol = 1e-6
gtol = 1e-6
nfev = 50

# solver methods
optimizer         = lsq-exact
objective         = force
spectral_indexing = fringe
node_pattern      = jacobi

# pressure and rotational transform profiles
l:   0	p =   1.80000000E+04	i =   1.00000000E+00
l:   2	p =  -3.60000000E+04	i =   1.50000000E+00
l:   4	p =   1.80000000E+04

# magnetic axis initial guess
n:   0	R0 =   1.00000000E+01	Z0 =   0.00000000E+00

# fixed-boundary surface shape
m:   0	n:   0	R1 =   1.00000000E+01
m:   1	n:   0	R1 =   1.00000000E+00
m:   1	n:   1	R1 =   3.00000000E-01
m:  -1	n:  -1	R1 =  -3.00000000E-01
m:  -1	n:   0	Z1 =   1.00000000E+00
m:   1	n:  -1	Z1 =  -3.00000000E-01
m:  -1	n:   1	Z1 =  -3.00000000E-01
