&INDATA
  ! From Hirshman and Whitson 1983 Heliotron Case beta=0.1
  MGRID_FILE = 'none'
  LFREEB = F
  DELT =   9.00E-01
  TCON0 =   2.00E+00
  LASYM = F
  NFP =    19
  NCURR =    0
  MPOL =   3
  NTOR =   1
  NS_ARRAY = 16 32 64 128
  NITER_ARRAY = 1000 2000 4000 20000
  FTOL_ARRAY = 1E-30 1E-30 1E-30 1E-12
  NITER = 5000
  NSTEP =  250
  NVACSKIP =    6
  GAMMA =   0.000000E+00
  PHIEDGE =   1.00000000000000E+00
  BLOAT =   1.000000E+00
  CURTOR =   0.00000000000000E+00
  SPRES_PED =   1.00000000000000E+00
  PRES_SCALE = 1.8E4
  PMASS_TYPE = "power_series"
  AM =  1.0 -2.0 1.0
  AI = 1.0 1.5
  RAXIS =   1.00000000000000E+01  0.00000000000000E+00  0.00000000000000E+00  0.00000000000000E+00
  0.00000000000000E+00  0.00000000000000E+00  0.00000000000000E+00 0.00000000000000E+00  0.00000000000000E+00
  ZAXIS =   0.00000000000000E+00  0.00000000000000E+00  0.00000000000000E+00  0.00000000000000E+00
  0.00000000000000E+00  0.00000000000000E+00  0.00000000000000E+00 0.00000000000000E+00  0.00000000000000E+00
  RBC( 0,0) = 10.00000000000000E+00     ZBS( 0,0) =  0.00000000000000E+00
  RBC( 0,1) =  1.00000000000000E+00     ZBS( 0,1) =  1.00000000000000E+00
  RBC(-1,1) =  0.30000000000000E+00     ZBS(-1,1) = -0.30000000000000E+00
/
&END