&INDATA
  ! SOLOV'EV Equilibrium from Hirshman Whitson 1983 BETA~0.1
  MGRID_FILE = 'none'
  LFREEB = F
  DELT =   9.00E-01
  TCON0 =   2.00E+00
  LASYM = F
  NFP =    1
  NCURR =    0
  MPOL =   12
  NTOR =   0
  NS_ARRAY = 16 32 64 128
  NITER_ARRAY = 1000 2000 4000 20000
  FTOL_ARRAY = 1E-30 1E-30 1E-30 1E-12
  NITER = 5000
  NSTEP =  250
  NVACSKIP =    6
  GAMMA =   0.000000E+00
  PHIEDGE =   1.00000000000000E+00
  BLOAT =   1.000000E+00
  CURTOR =   0.00000000000000E+00
  SPRES_PED =   1.00000000000000E+00
  PMASS_TYPE = "power_series"
  AM =  0.125 -0.125
  AI = 1.0
  RAXIS =   3.999
  ZAXIS =   0.00000000000000E+00
  RBC( 0,0) =  3.999     ZBS( 0,0) =  0.000
  RBC( 0,1) =  1.026     ZBS( 0,1) =  1.580
  RBC( 0,2) = -0.068     ZBS( 0,2) =  0.010
/
&END