&INDATA
MGRID_FILE =	'none'
LFREEB =	F
DELT =	0.9
TCON0 =	2
LASYM =	F
NFP =	1
NCURR =	0
NZETA =	200
NITER_ARRAY =	4000 8000 12000 16000 32000 
FTOL_ARRAY =	1e-8 1e-9 1e-10 1e-11 1e-12 
NSTEP =	250
NVACSKIP =	6
GAMMA =	0
PHIEDGE =	1
BLOAT =	1
CURTOR =	0
SPRES_PED =	1
PRES_SCALE =	1600.0
PMASS_TYPE =	"power_series"
RAXIS =	3.51
ZAXIS =	0
AM =	1 -2 1 
AI =	1.0 -0.67 
RBC(0,0) =	3.510000
RBC(0,1) =	-1.000000
RBC(0,2) =	0.106000
ZBS(0,0) =	0.000000
ZBS(0,1) =	1.470000
ZBS(0,2) =	0.160000
MPOL =	14
NTOR =	0
NS_ARRAY =	16 32 64 128 256 
/
&END