# This is the DESC input file for a Solov'ev equilibrium

# global parameters
sym = 1
NFP = 1
Psi = 1.0

# spectral resolution
M_pol  =  6, 12
N_tor  =  0
M_grid = 12, 18
N_grid =  0

# solver tolerances
ftol = 1e-2
xtol = 1e-6
gtol = 1e-6
maxiter = 50

# solver methods
optimizer         = lsq-exact
objective         = force
spectral_indexing = fringe
node_pattern      = jacobi

# pressure and rotational transform profiles
l:   0  p =  0.125  i =  1.0
l:   2  p = -0.125  i =  0.0

# magnetic axis initial guess
n:   0  R0 =  4.0  Z0 =  0.0

# fixed-boundary surface shape
m:  -2	n:   0	R1 =   0.00000000E+00	Z1 =  -1.00000000E-02
m:  -1	n:   0	R1 =   0.00000000E+00	Z1 =  -1.58000000E+00
m:   0	n:   0	R1 =   3.99900000E+00	Z1 =   0.00000000E+00
m:   1	n:   0	R1 =   1.02600000E+00	Z1 =   0.00000000E+00
m:   2	n:   0	R1 =  -6.80000000E-02	Z1 =   0.00000000E+00
