# This DESC input file is for WISTELL-A in low turbulence
# Bader, A. et al. A New Optimized Quasihelically Symmetric Stellarator (2020).

# global parameters
sym = 1
NFP = 4
Psi = 6.14553547E-01

# spectral resolution
M_pol  =  12
N_tor  =  6
M_grid = 16
N_grid =  9

# solver tolerances
ftol = 1e-2
xtol = 1e-6
gtol = 1e-6
maxiter = 100

# solver methods
optimizer         = lsq-exact
objective         = vacuum
spectral_indexing = ansi

# fixed-boundary surface shape
m:  -3	n:  -2	R1 =  -4.77083000E-04	Z1 =   0.00000000E+00
m:  -3	n:  -1	R1 =  -2.82830000E-03	Z1 =   0.00000000E+00
m:  -3	n:   0	R1 =   0.00000000E+00	Z1 =  -2.45382000E-03
m:  -3	n:   1	R1 =   0.00000000E+00	Z1 =   4.82636000E-03
m:  -3	n:   2	R1 =   0.00000000E+00	Z1 =  -4.34800000E-03
m:  -2	n:  -3	R1 =   8.09046000E-03	Z1 =   0.00000000E+00
m:  -2	n:  -2	R1 =  -4.52104000E-02	Z1 =   0.00000000E+00
m:  -2	n:  -1	R1 =  -1.56330900E-02	Z1 =   0.00000000E+00
m:  -2	n:   0	R1 =   0.00000000E+00	Z1 =  -5.07399000E-02
m:  -2	n:   1	R1 =   0.00000000E+00	Z1 =  -5.36264700E-02
m:  -2	n:   2	R1 =   0.00000000E+00	Z1 =   4.51214000E-02
m:  -2	n:   3	R1 =   0.00000000E+00	Z1 =  -5.26075000E-03
m:  -1	n:  -3	R1 =  -1.00916000E-03	Z1 =   0.00000000E+00
m:  -1	n:  -2	R1 =   2.88397300E-02	Z1 =   0.00000000E+00
m:  -1	n:  -1	R1 =   1.43141120E-01	Z1 =   0.00000000E+00
m:  -1	n:   0	R1 =   0.00000000E+00	Z1 =  -3.56140000E-01
m:  -1	n:   1	R1 =   0.00000000E+00	Z1 =  -1.49138100E-01
m:  -1	n:   2	R1 =   0.00000000E+00	Z1 =  -3.01840600E-02
m:  -1	n:   3	R1 =   0.00000000E+00	Z1 =   1.00313000E-03
m:   0	n:  -3	R1 =   0.00000000E+00	Z1 =   2.04715000E-03
m:   0	n:  -2	R1 =   0.00000000E+00	Z1 =   3.29091000E-02
m:   0	n:  -1	R1 =   0.00000000E+00	Z1 =   1.94586000E-01
m:   0	n:   0	R1 =   2.00000000E+00	Z1 =   0.00000000E+00
m:   0	n:   1	R1 =   3.27329000E-01	Z1 =   0.00000000E+00
m:   0	n:   2	R1 =   3.49426000E-02	Z1 =   0.00000000E+00
m:   0	n:   3	R1 =   1.26228000E-03	Z1 =   0.00000000E+00
m:   1	n:  -3	R1 =   0.00000000E+00	Z1 =   1.00313000E-03
m:   1	n:  -2	R1 =   0.00000000E+00	Z1 =  -4.01639400E-02
m:   1	n:  -1	R1 =   0.00000000E+00	Z1 =  -1.28025900E-01
m:   1	n:   0	R1 =   3.10817000E-01	Z1 =   0.00000000E+00
m:   1	n:   1	R1 =  -1.26788880E-01	Z1 =   0.00000000E+00
m:   1	n:   2	R1 =  -4.15222700E-02	Z1 =   0.00000000E+00
m:   1	n:   3	R1 =   1.00916000E-03	Z1 =   0.00000000E+00
m:   2	n:  -3	R1 =   0.00000000E+00	Z1 =  -5.26075000E-03
m:   2	n:  -2	R1 =   0.00000000E+00	Z1 =   4.51214000E-02
m:   2	n:  -1	R1 =   0.00000000E+00	Z1 =  -6.36751300E-02
m:   2	n:   0	R1 =   3.34511000E-02	Z1 =   0.00000000E+00
m:   2	n:   1	R1 =   7.93531000E-03	Z1 =   0.00000000E+00
m:   2	n:   2	R1 =   4.52104000E-02	Z1 =   0.00000000E+00
m:   2	n:   3	R1 =  -8.09046000E-03	Z1 =   0.00000000E+00
m:   3	n:  -2	R1 =   0.00000000E+00	Z1 =  -4.34800000E-03
m:   3	n:  -1	R1 =   0.00000000E+00	Z1 =   4.82636000E-03
m:   3	n:   0	R1 =   1.85222000E-03	Z1 =   0.00000000E+00
m:   3	n:   1	R1 =   2.82830000E-03	Z1 =   0.00000000E+00
m:   3	n:   2	R1 =   4.77083000E-04	Z1 =   0.00000000E+00
