# RBC = -5E-02, ZBS = -4E-02

sym = 1
NFP = 4
Psi = 4.444E-1

M_pol  =  8, 10, 12, 14, 16
N_tor  =  0,  2,  4,  6,  8
M_grid = 12, 15, 18, 21, 24
N_grid =  0,  3,  6,  9, 12

bdry_ratio = 0, 0.25, 0.5, 0.75, 1
pres_ratio = 1
pert_order = 2

ftol = 1e-2
xtol = 1e-6
gtol = 1e-6
nfev = 100

optimizer         = lsq-exact
objective         = forces
spectral_indexing = ansi
node_pattern      = jacobi

l:   0  p =   1.00000000E+03  i =  1.03734956306034E+00
l:   2  p =  -1.00000000E+03  i =  4.59845331123661E-02
l:   4  p =   0.00000000E+03  i =  9.12296626003860E-02
l:   6  p =   0.00000000E+03  i =  4.37359156248255E-02

m:   0  n:   0  R1 =   2.00000000E+00  Z1 =   0.00000000E+00
m:   0  n:   1  R1 =   3.33116196E-01  Z1 =   0.00000000E+00
m:   0  n:  -1  R1 =   0.00000000E+00  Z1 =   2.17756269E-01
m:   0  n:   2  R1 =   3.53695779E-02  Z1 =   0.00000000E+00
m:   0  n:  -2  R1 =   0.00000000E+00  Z1 =   3.53802701E-02
m:   0  n:   3  R1 =   5.84074375E-03  Z1 =   0.00000000E+00
m:   0  n:  -3  R1 =   0.00000000E+00  Z1 =   5.83714041E-03
m:   1  n:   2  R1 =  -5.66538324E-02  Z1 =   0.00000000E+00
m:  -1  n:  -2  R1 =  -4.33461676E-02  Z1 =   0.00000000E+00
m:  -1  n:   2  R1 =   0.00000000E+00  Z1 =  -4.66476046E-02
m:   1  n:  -2  R1 =   0.00000000E+00  Z1 =   3.33523954E-02
m:   1  n:   1  R1 =  -1.29501752E-01  Z1 =   0.00000000E+00
m:  -1  n:  -1  R1 =  -1.45337599E-01  Z1 =   0.00000000E+00
m:  -1  n:   1  R1 =   0.00000000E+00  Z1 =   1.45271155E-01
m:   1  n:  -1  R1 =   0.00000000E+00  Z1 =  -1.29442994E-01
m:   1  n:   0  R1 =   3.12634327E-01  Z1 =   0.00000000E+00
m:  -1  n:   0  R1 =   0.00000000E+00  Z1 =   3.54039291E-01
m:   1  n:   3  R1 =   1.22088072E-03  Z1 =   0.00000000E+00
m:  -1  n:  -3  R1 =   1.22088072E-03  Z1 =   0.00000000E+00
m:  -1  n:   3  R1 =   0.00000000E+00  Z1 =  -1.22140144E-03
m:   1  n:  -3  R1 =   0.00000000E+00  Z1 =   1.22140144E-03
m:   2  n:   1  R1 =   1.52573287E-02  Z1 =   0.00000000E+00
m:  -2  n:  -1  R1 =   2.22457477E-02  Z1 =   0.00000000E+00
m:  -2  n:   1  R1 =   0.00000000E+00  Z1 =   5.65613417E-02
m:   2  n:  -1  R1 =   0.00000000E+00  Z1 =  -6.35528083E-02
m:   2  n:   0  R1 =   3.05995702E-02  Z1 =   0.00000000E+00
m:  -2  n:   0  R1 =   0.00000000E+00  Z1 =   4.24183036E-02
m:   2  n:   2  R1 =   5.33540339E-02  Z1 =   0.00000000E+00
m:  -2  n:  -2  R1 =   5.33540339E-02  Z1 =   0.00000000E+00
m:  -2  n:   2  R1 =   0.00000000E+00  Z1 =  -5.33057465E-02
m:   2  n:  -2  R1 =   0.00000000E+00  Z1 =   5.33057465E-02
m:   2  n:   3  R1 =  -6.04420776E-03  Z1 =   0.00000000E+00
m:  -2  n:  -3  R1 =  -6.04420776E-03  Z1 =   0.00000000E+00
m:  -2  n:   3  R1 =   0.00000000E+00  Z1 =   1.72291370E-03
m:   2  n:  -3  R1 =   0.00000000E+00  Z1 =  -1.72291370E-03
m:   3  n:   0  R1 =   2.96384535E-03  Z1 =   0.00000000E+00
m:  -3  n:   0  R1 =   0.00000000E+00  Z1 =   2.96345858E-03
m:   3  n:   1  R1 =   3.68236371E-03  Z1 =   0.00000000E+00
m:  -3  n:  -1  R1 =   3.68236371E-03  Z1 =   0.00000000E+00
m:  -3  n:   1  R1 =   0.00000000E+00  Z1 =  -3.67965941E-03
m:   3  n:  -1  R1 =   0.00000000E+00  Z1 =   3.67965941E-03
m:   3  n:   2  R1 =   4.08160109E-03  Z1 =   0.00000000E+00
m:  -3  n:  -2  R1 =   4.08160109E-03  Z1 =   0.00000000E+00
m:  -3  n:   2  R1 =   0.00000000E+00  Z1 =   4.07945799E-03
m:   3  n:  -2  R1 =   0.00000000E+00  Z1 =  -4.07945799E-03
