! This is the DESC input file for the Advanced Toroidal Facility

! solver parameters
stell_sym 	=   1
Mpol		=   12
Ntor		=   4
Mnodes		=  18
Nnodes		=   6
NFP			=  12
Psi_total	=   1.00000000E+00
error_mode	= force
bdry_mode	= spectral
node_mode	= cheb1

! profile coefficients
pres_scale	=   2.00000000E+00
l:   0	cP =   1.00000000E+00	cI =   3.50000000E-01
l:   2	cP =  -2.00000000E+00	cI =   6.50000000E-01
l:   4	cP =   1.00000000E+00

! magnetic axis Fourier modes
n:   0	aR =   2.10000000E+00
n:   0	aZ =   0.00000000E+00

! boundary Fourier modes
m:   0	n:   0	bR =   2.05000000E+00
m:   1	n:   0	bR =   2.90000000E-01
m:   1	n:  -1	bR =  -9.00000000E-02
m:   2	n:   0	bR =   2.50000000E-02
m:   2	n:  -1	bR =  -2.50000000E-02
m:   0	n:   0	bZ =   0.00000000E+00
m:  -1	n:   0	bZ =   2.90000000E-01
m:  -1	n:  -1	bZ =   9.00000000E-02
m:  -2	n:   0	bZ =   6.75000000E-03
m:  -2	n:  -1	bZ =  -6.75000000E-03
