# This is the DESC input file for the Advanced Toroidal Facility with beta = 2%
# It is similar to the VMEC example from Hirshman & Witson 1983

# solver parameters
sym =  1
NFP = 12
Psi =  1.00000000E+00

# spectral resolution
L_rad  = 12
M_pol  = 12
N_tor  =  4
M_grid = 18
N_grid =  6

# continuation parameters
bdry_ratio = 1
pres_ratio = 1
zeta_ratio = 1
pert_order = 1

# solver tolerances
ftol = 1e-6
xtol = 1e-6
gtol = 1e-6
nfev = 100

# solver methods
optim_method = scipy-bfgs
errr_mode = force
bdry_mode = spectral
zern_mode = fringe
node_mode = cheb1

# pressure and rotational transform profiles
l:   0	p =   2.00000000E+06	i =   3.50000000E-01
l:   1	p =   0.00000000E+00	i =   0.00000000E+00
l:   2	p =  -4.00000000E+06	i =   6.50000000E-01
l:   3	p =   0.00000000E+00	i =   0.00000000E+00
l:   4	p =   2.00000000E+06	i =   0.00000000E+00

# magnetic axis initial guess
n:   0	R0 =   2.10000000E+00	Z0 =   0.00000000E+00
n:   1	R0 =   0.10000000E+00	Z0 =   0.10000000E+00

# fixed-boundary surface shape
m:   0	n:   0	R1 =   2.05000000E+00	Z1 =   0.00000000E+00
m:   1	n:   0	R1 =   2.90000000E-01	Z1 =   0.00000000E+00
m:  -1	n:   0	R1 =   0.00000000E+00	Z1 =   2.90000000E-01
m:   1	n:   1	R1 =  -9.00000000E-02	Z1 =   0.00000000E+00
m:  -1	n:  -1	R1 =   9.00000000E-02	Z1 =   0.00000000E+00
m:  -1	n:   1	R1 =   0.00000000E+00	Z1 =   9.00000000E-02
m:   1	n:  -1	R1 =   0.00000000E+00	Z1 =   9.00000000E-02
m:   2	n:   0	R1 =   2.50000000E-02	Z1 =   0.00000000E+00
m:  -2	n:   0	R1 =   0.00000000E+00	Z1 =   6.75000000E-03
m:   2	n:   1	R1 =  -2.50000000E-02	Z1 =   0.00000000E+00
m:  -2	n:  -1	R1 =   2.50000000E-02	Z1 =   0.00000000E+00
m:  -2	n:   1	R1 =   0.00000000E+00	Z1 =  -6.75000000E-03
m:   2	n:  -1	R1 =   0.00000000E+00	Z1 =  -6.75000000E-03