! axisymmetric test case
! aspect ratio = 3, q0 = 1.1, qa = 3.5, beta = 1%

# global parameters
stell_sym = 1
NFP       = 1
Psi_lcfs  = 1.0E+0

# spectral resolution
Mpol   =  6  7  8  9 10 11 12 13 14 15 16 17 18 19 20 20 20 20 20 20 20
Ntor   =  0
Mnodes = 12 14 16 18 20 22 24 26 28 30 32 34 36 38 40 40 40 40 40 40 40
Nnodes =  0

# continuation parameters
bdry_ratio = 1
pres_ratio = 0 0 0 0 0 0 0 0 0 0 0 0 0 0 0 1 2 3 4 5 6  ! approximate beta %
zeta_ratio = 1
errr_ratio = 1.0E-4
pert_order = 2

# solver tolerances
ftol = 1e-6
xtol = 1e-6
gtol = 1e-6
nfev = 1000

# solver methods
errr_mode = force
bdry_mode = spectral
zern_mode = ansi
node_mode = cheb1

# pressure and rotational transform profiles
l:   0	cP =   6.00000000E+02	cI =   9.10000000E-01
l:   1	cP =   0.00000000E+00	cI =   0.00000000E+00
l:   2	cP =  -1.20000000E+03	cI =  -6.30000000E-01
l:   3	cP =   0.00000000E+00	cI =   0.00000000E+00
l:   4	cP =   6.00000000E+02	cI =   0.00000000E+00

# magnetic axis initial guess
n:   0	aR =   3.60000000E+00	aZ =   0.00000000E+00

# fixed-boundary surface shape
m:   0	n:   0	bR =   3.60000000E+00	bZ =   0.00000000E+00
m:   1	n:   0	bR =   1.00000000E+00	bZ =   0.00000000E+00
m:  -1	n:   0	bR =   0.00000000E+00	bZ =   1.40000000E+00
m:   2	n:   0	bR =   1.00000000E-01	bZ =   0.00000000E+00
m:  -2	n:   0	bR =   0.00000000E+00	bZ =  -1.00000000E-01
