# This is the DESC input file for a heliotron

# global parameters
stell_sym = 1
NFP       = 19
Psi_lcfs  = 1.00000000E+00

# spectral resolution
Mpol   =  8
Ntor   =  2
Mnodes =  12
Nnodes =  3

# continuation parameters
bdry_ratio = 1
pres_ratio = 0
zeta_ratio = 1
errr_ratio = 1e-4
pert_order = 1

# solver tolerances
ftol = 1e-6
xtol = 1e-6
gtol = 1e2
nfev = 100

# solver methods
optim_method = trf
errr_mode = force
bdry_mode = spectral
zern_mode = ansi
node_mode = cheb1

# pressure and rotational transform profiles
l:   0	cP =   1.80000000E+04	cI =   1.00000000E+00
l:   2	cP =  -3.60000000E+04	cI =   1.50000000E+00
l:   4	cP =   1.80000000E+04

# magnetic axis initial guess
n:   0	aR =   1.00000000E+01	aZ =   0.00000000E+00

# fixed-boundary surface shape
m:   0	n:   0	bR =   1.00000000E+01
m:   1	n:   0	bR =   1.00000000E+00
m:   1	n:   1	bR =   3.00000000E-01
m:  -1	n:  -1	bR =  -3.00000000E-01
m:  -1	n:   0	bZ =   1.00000000E+00
m:   1	n:  -1	bZ =  -3.00000000E-01
m:  -1	n:   1	bZ =  -3.00000000E-01