# This is the DESC input file for a heliotron

# global parameters
sym = 1
NFP = 19
Psi = 1.00000000E+00

# spectral resolution
L_rad  = 8
M_pol  = 8
N_tor  = 2
M_grid = 12
N_grid = 3

# continuation parameters
bdry_ratio = 1
pres_ratio = 0
zeta_ratio = 1
errr_ratio = 1e-4
pert_order = 1

# solver tolerances
ftol = 1e-6
xtol = 1e-6
gtol = 1e2
nfev = 100

# solver methods
optim_method = trf
errr_mode = force
bdry_mode = spectral
zern_mode = ansi
node_mode = cheb1

# pressure and rotational transform profiles
l:   0	p =   1.80000000E+04	i =   1.00000000E+00
l:   2	p =  -3.60000000E+04	i =   1.50000000E+00
l:   4	p =   1.80000000E+04

# magnetic axis initial guess
n:   0	R0 =   1.00000000E+01	Z0 =   0.00000000E+00

# fixed-boundary surface shape
m:   0	n:   0	R1 =   1.00000000E+01
m:   1	n:   0	R1 =   1.00000000E+00
m:   1	n:   1	R1 =   3.00000000E-01
m:  -1	n:  -1	R1 =  -3.00000000E-01
m:  -1	n:   0	Z1 =   1.00000000E+00
m:   1	n:  -1	Z1 =  -3.00000000E-01
m:  -1	n:   1	Z1 =  -3.00000000E-01