# This is the DESC input file for a DESC logo-shaped tokamak

# global parameters
sym = 1
NFP = 1
Psi = 1.00000000E+00

# spectral resolution
M_pol  =  6, 8, 10, 12, 16, 20
N_tor  =  0
M_grid =  9, 12, 15, 18, 24, 30
N_grid =  0

# continuation parameters
bdry_ratio = 1
pres_ratio = 1
zeta_ratio = 1
pert_order = 1

# solver tolerances
ftol = 1e-5
xtol = 1e-6
gtol = 1e-6
nfev = 5000

# solver methods
optimizer         = scipy-trf
objective         = force
spectral_indexing = fringe
node_pattern      = jacobi

# pressure and rotational transform profiles
l:   0	p =   1.60000000E+03	i =   1.00000000E+00
l:   2	p =  -3.20000000E+03	i =  -6.70000000E-01
l:   4	p =   1.60000000E+03

# magnetic axis initial guess
n:   0	R0 =   3.65000000E+00
n:   0	Z0 =   0.00000000E+00

# fixed-boundary surface shape
m:   0	n:   0	R1 =   3.51000000E+00
m:   1	n:   0	R1 =   1.10000000E+00
m:   2	n:   0	R1 =   5.06000000E-01
m:   3  n:   0  R1 =  -1.00000000E-01
m:  -1	n:   0	Z1 =   1.47000000E+00
m:  -2	n:   0	Z1 =  -1.60000000E-01