# This is the DESC input file for a Solov'ev equilibrium

# global parameters
sym = 1
NFP = 1
Psi = 1.00000000E+00

# spectral resolution
M_pol  =  7, 11
N_tor  =  0
M_grid = 11, 18
N_grid =  0

# continuation parameters
bdry_ratio = 1
pres_ratio = 1
zeta_ratio = 1
pert_order = 1

# solver tolerances
ftol = 1e-6
xtol = 1e-6
gtol = 1e-6
nfev = 100

# solver methods
optim_method = scipy-trf
errr_mode = force
bdry_mode = spectral
zern_mode = ansi
node_mode = cheb1

# pressure and rotational transform profiles
l:   0	p =   1.25000000E-01	i =   1.00000000E+00
l:   2	p =  -1.25000000E-01	i =   0.00000000E+00

# magnetic axis initial guess
n:   0	R0 =   4.00000000E+00	Z0 =   0.00000000E+00

# fixed-boundary surface shape
m:   0	n:   0	R1 =   3.99900000E+00	Z1 =   0.00000000E+00
m:   1	n:   0	R1 =   1.02600000E+00	Z1 =   0.00000000E+00
m:  -1	n:   0	R1 =   0.00000000E+00	Z1 =   1.58000000E+00
m:   2	n:   0	R1 =  -6.80000000E-02	Z1 =   0.00000000E+00
m:  -2	n:   0	R1 =   0.00000000E+00	Z1 =   1.00000000E-02
